INSERT INTO public.vertical_rolls(
	cage, name, width, min_diametr, max_diametr, radius_caliber, quantity, id)
VALUES (2,'УПС.09.УВ2-80',80,360,363.4,400,2,3),
(2,'УПС.09.УВ2-100',100,360,365.5,400,2,4),
(2,'УПС.09.УВ2-105',105,360,366.1,400,2,5),
(2,'УПС.09.УВ2-115',115,360,367.4,400,2,6),
(3,'УПС.09.УВ3И-80',20,415,417.1,600,2,7),
(3,'УПС.09.УВ3И-95',95,410,413.3,600,2,8),
(3,'УПС.09.УВ3И-115',115,410,414.9,600,2,9),
(3,'УПС.09.УВ3И-125',125,410,415.9,600,2,10),
(3,'УПС.09.УВ3-75',75,365,367,600,2,11),
(3,'УПС.09.УВ3-80',80,365,367.3,600,2,12),
(3,'УПС.09.УВ3-95',95,360,363.3,600,2,13),
(3,'УПС.09.УВ3-100',100,365,368.7,600,2,14),
(3,'УПС.09.УВ3-115',115,360,364.9,600,2,15),
(3,'УПС.09.УВ3-125',125,360,365.9,600,2,16),
(3,'УПС.09.УВ3-135',135,365,371.9,600,2,17),
(3,'УПС.09.УВ3-145',145,365,373,600,2,18),
(3,'УПС.ВУ.09.75-03',75,435,437,600,2,19),
(3,'УПС.ВУ.09.85-03',85,435,438.6,600,2,20),
(3,'УПС.ВУ.09.95-03',95,430,433.3,600,2,21),
(3,'3B-80',75,475,0,600,2,22),
(3,'УПС.10.520-3',30,520,522,600,2,23),
(3,'УПС.10.520-3-01',50,520,524,600,2,24),
(3,'УПС.10.520-3-02',70,520,528,600,2,25),
(4,'УПС.09.УВ4И-80',80,420,420.9,1500,2,26),
(4,'УПС.09.УВ4И-95',95,410,411.3,1500,2,27),
(4,'УПС.09.УВ4И-115',115,410,412,1500,2,28),
(4,'УПС.09.УВ4И-125',125,410,412.4,1500,2,29),
(4,'УПС.09.УВ4И-135',135,410,412.6,1500,2,30),
(4,'УПС.09.УВ4И-145',145,410,413.2,1500,2,31),
(4,'УПС.09.УВ4И-155',155,410,413.7,1500,2,32),
(4,'УПС.09.УВ4-75',75,365,365.8,1500,2,33),
(4,'УПС.09.УВ4-80',80,365,365.9,1500,2,34),
(4,'УПС.09.УВ4-95',95,368,369.2,1500,2,35),
(4,'УПС.09.УВ4-115',115,360,362,1500,2,36),
(4,'УПС.09.УВ4-125',135,365,367.4,1500,2,37),
(4,'УПС.09.УВ4-145',145,365,368.2,1500,2,38),
(4,'УПС.ВУ.09.75-04',75,445,445.8,1500,2,39),
(4,'УПС.ВУ.09.80-04',80,430,430.9,1500,2,40),
(4,'УПС.ВУ.09.85-04',85,445,446,1500,2,41),
(4,'УПС.ВУ.09.95-04',95,440,441.3,1500,2,42),
(4,'УПС.ВУ.09.105-04',105,430,431.6,1500,2,43),
(4,'4B-80',75,475,475,0,4,44),
(4,'УПС.10.520-4',30,520,521,1500,2,45),
(4,'УПС.10.520-4-01',40,520,522,1500,2,46),
(4,'УПС.10.520-4-02',50,520,523,1500,2,47),
(4,'УПС.10.520-4-03',60,520,524,1500,2,48),
(4,'УПС.10.520-4-04',70,520,525,1500,2,49),
(5,'5B-80',75,475,475,0,4,50),
(6,'6B-80',75,475,475,0,4,51),
(5,'УПС.10.520-6',15,520,0,0,1,52),
(5,'УПС.10.520-6-01',20,520,0,0,1,53),
(5,'УПС.10.520-6-02',25,520,0,0,1,54),
(5,'Валок наборной',15,365,0,0,2,55),
(5,'Валок наборной',15,455,0,0,2,56),
(6,'УПС.10.520-6',15,520,0,0,1,57),
(6,'УПС.10.520-6-01',20,520,0,0,1,58),
(6,'УПС.10.520-6-02',25,520,0,0,1,59),
(6,'Валок наборной',15,365,0,0,2,60),
(6,'Валок наборной',15,455,0,0,2,61);